# /dev/cpu_dma_latency set to 0us
# Histogram
000000 000000	000000	000000	000000
000001 000000	000000	000000	000000
000002 000000	000000	000000	000000
000003 000000	000000	000000	000000
000004 000000	000000	000000	000000
000005 000000	000000	000000	000000
000006 000000	000000	000000	000000
000007 000000	000000	000000	000000
000008 000000	000000	000000	000000
000009 000000	000000	000000	000000
000010 000000	000000	000000	000000
000011 000006	000001	000000	000001
000012 000351	000077	000017	000242
000013 008195	010519	004704	019947
000014 001148	002518	000114	002712
000015 016015	000899	000208	002481
000016 049330	036292	015068	058017
000017 018122	032536	070533	012236
000018 004190	012228	007756	002172
000019 001168	003361	000852	000730
000020 000313	001002	000264	000340
000021 000192	000208	000149	000205
000022 000111	000043	000114	000107
000023 000092	000035	000027	000153
000024 000055	000016	000006	000099
000025 000252	000018	000009	000086
000026 000143	000023	000009	000080
000027 000064	000026	000024	000118
000028 000044	000027	000039	000053
000029 000025	000027	000024	000024
000030 000024	000034	000030	000038
000031 000020	000036	000021	000029
000032 000017	000019	000012	000017
000033 000014	000017	000007	000011
000034 000014	000014	000002	000003
000035 000010	000002	000003	000004
000036 000008	000008	000003	000002
000037 000004	000002	000001	000002
000038 000005	000002	000001	000003
000039 000004	000003	000001	000006
000040 000008	000000	000000	000003
000041 000008	000000	000000	000001
000042 000001	000002	000000	000003
000043 000001	000001	000000	000003
000044 000001	000001	000000	000001
000045 000007	000000	000000	000002
000046 000005	000000	000000	000003
000047 000004	000000	000000	000005
000048 000005	000001	000001	000002
000049 000001	000000	000000	000007
000050 000001	000000	000000	000002
000051 000000	000000	000000	000005
000052 000001	000000	000000	000003
000053 000001	000000	000000	000004
000054 000003	000000	000000	000004
000055 000003	000000	000000	000004
000056 000001	000000	000000	000003
000057 000000	000000	000000	000001
000058 000000	000000	000000	000002
000059 000002	000000	000000	000002
000060 000000	000000	000000	000002
000061 000001	000000	000000	000001
000062 000001	000000	000000	000002
000063 000000	000000	000000	000004
000064 000000	000000	000000	000003
000065 000003	000000	000000	000005
000066 000000	000000	000000	000001
000067 000000	000000	000000	000000
000068 000000	000000	000000	000000
000069 000000	000000	000000	000000
000070 000001	000000	000000	000000
000071 000000	000002	000000	000000
000072 000000	000000	000000	000000
000073 000000	000000	000000	000000
000074 000002	000000	000000	000000
000075 000000	000000	000000	000001
000076 000001	000000	000000	000000
000077 000000	000000	000000	000001
000078 000001	000000	000000	000000
000079 000000	000000	000000	000000
000080 000000	000000	000001	000000
000081 000000	000000	000000	000000
000082 000000	000000	000000	000000
000083 000000	000000	000000	000000
000084 000000	000000	000000	000000
000085 000000	000000	000000	000000
000086 000000	000000	000000	000000
000087 000001	000000	000000	000001
000088 000000	000000	000000	000000
000089 000000	000000	000000	000000
000090 000000	000000	000000	000000
000091 000000	000000	000000	000000
000092 000000	000000	000000	000000
000093 000000	000000	000000	000000
000094 000000	000000	000000	000000
000095 000000	000000	000000	000000
000096 000000	000000	000000	000000
000097 000000	000000	000000	000000
000098 000000	000000	000000	000000
000099 000000	000000	000000	000000
# Total: 000100000 000100000 000100000 000099999
# Min Latencies: 00011 00011 00012 00011
# Avg Latencies: 00015 00016 00016 00015
# Max Latencies: 00087 00071 00080 00135
# Histogram Overflows: 00000 00000 00000 00001
# Histogram Overflow at cycle number:
# Thread 0:
# Thread 1:
# Thread 2:
# Thread 3: 30485

