Histogram of latencies measured:
0
0
0
0
0
0
0
0
0
0
0
0
0
0
0
0
0
0
0
0
0
0
0
0
0
0
0
0
17
66
39
17
15
8
3
6
4
3
2
1
0
0
0
1
0
0
0
1
0
0
1
2
0
0
0
0
0
0
0
0
0
1
1
2
12
41
141
300
256
426
647
481
456
390
252
195
137
89
78
82
63
35
43
52
27
18
18
10
9
8
9
7
2
7
4
4
14
24
21
12
18
7
15
12
19
14
7
10
9
11
5
2
6
10
4
12
5
6
3
6
7
7
10
13
10
20
11
17
12
13
8
5
3
4
5
9
2
5
3
2
5
2
6
6
5
4
4
5
3
1
3
0
2
3
4
1
2
0
2
1
1
3
0
3
0
3
4
1
0
0
0
0
0
1
1
0
0
0
2
1
0
0
0
0
0
0
0
1
0
0
0
0
1
0
1
0
0
0
0
1
0
0
0
0
0
0
0
0
0
0
0
0
1
0
1
0
0
0
0
0
0
0
0
0
0
0
0
0
0
0
0
0
0
0
1
0
0
0
0
0
0
0
0
0
0
0
0
0
0
0
0
0
0
0
0
0
0
0
0
0
0
0
0
0
0
0
0
0
0
0
0
1
0
0
0
0
0
0
0
0
0
0
0
0
0
0
0
0
0
0
0
0
0
0
0
0
1
1
0
0
0
0
0
0
0
0
0
0
0
0
0
0
0
0
0
0
0
0
0
0
1
0
0
0
0
0
0
0
0
0
0
0
0
0
0
0
0
0
0
0
0
0
0
0
0
0
0
0
0
0
0
0
0
0
0
0
0
0
0
0
0
0
0
0
0
0
0
0
0
0
0
0
0
0
0
0
0
0
0
0
0
0
0
0
0
0
0
0
0
0
0
0
0
0
0
0
0
0
0
0
0
0
0
0
0
0
0
0
0
0
0
0
0
0
0
0
0
0
0
0
0
0
0
0
0
0
0
0
0
0
0
0
0
0
0
0
0
0
0
0
0
0
0
0
0
0
0
0
0
0
0
0
0
0
1
0
0
0
0
0
0
0
0
0
0
0
0
0
0
0
0
0
0
0
0
0
0
1
0
0
0
0
0
0
0
0
0
0
0
0
0
0
0
0
0
0
0
0
0
0
Average latency:  76.508319 microseconds
Maximum latency:  982.033  microseconds
